1 0.2 0.5 30 1 40 30 1 2 1 0.99 0.1 1.5 1e-06 2
1 0.2 0.5 30 1 40 30 1 0.5 1 0.99 0.1 1.5 1e-06 2
1 0.2 0.5 30 1 40 30 1 1 1 0.99 0.1 1.5 1e-06 2
1 0.2 0.5 30 1 40 30 1 1.5 1 0.99 0.1 1.5 1e-06 2
1 0.2 0.5 30 1 40 30 1 2 1 0.99 0.1 1.5 1e-06 2
1 0.2 0.5 30 1 40 30 1 2.5 1 0.99 0.1 1.5 1e-06 2
1 0.2 0.5 30 1 40 30 1 3 1 0.99 0.1 1.5 1e-06 2
1 0.2 0.5 30 1 40 30 1 3.5 1 0.99 0.1 1.5 1e-06 2
1 0.2 0.5 30 1 40 30 1 4 1 0.99 0.1 1.5 1e-06 2
1 0.2 0.5 30 1 40 30 1 4.5 1 0.99 0.1 1.5 1e-06 2
1 0.2 0.5 30 1 40 30 1 5 1 0.99 0.1 1.5 1e-06 2
1 0.2 0 30 1 40 30 1 2 1 0.99 0.1 1.5 1e-06 2
1 0.2 0.333333333333333 30 1 40 30 1 2 1 0.99 0.1 1.5 1e-06 2
1 0.2 0.666666666666667 30 1 40 30 1 2 1 0.99 0.1 1.5 1e-06 2
1 0.2 1 30 1 40 30 1 2 1 0.99 0.1 1.5 1e-06 2
1 0.2 1.33333333333333 30 1 40 30 1 2 1 0.99 0.1 1.5 1e-06 2
1 0.2 1.66666666666667 30 1 40 30 1 2 1 0.99 0.1 1.5 1e-06 2
1 0.2 2 30 1 40 30 1 2 1 0.99 0.1 1.5 1e-06 2
1 0.2 2.33333333333333 30 1 40 30 1 2 1 0.99 0.1 1.5 1e-06 2
1 0.2 2.66666666666667 30 1 40 30 1 2 1 0.99 0.1 1.5 1e-06 2
1 0.2 3 30 1 40 30 1 2 1 0.99 0.1 1.5 1e-06 2
